247 387 1157
29 1599482700000
27 1600339500000
27 1599639300000
28 1599481800000
27 1599389100000
25 1593678600000
27 1599314400000
24 1597231800000
27 1599481800000
27 1599316200000
27 1599482700000
27 1599559200000
25 1593678600000
27 1599441300000
27 1600339500000
27 1599354000000
27 1600338600000
27 1599316200000
27 1599389100000
27 1599390900000
28 1599354000000
28 1599526800000
28 1599354000000
28 1599441300000
28 1599441300000
26 1593918900000
28 1599390000000
28 1599488100000
28 1599313500000
28 1599559200000
28 1599488100000
28 1599313500000
28 1600338600000
28 1599441300000
28 1599482700000
26 1593918900000
28 1599638400000
28 1599639300000
28 1599638400000
26 1593918900000
26 1593918900000
28 1599441300000
28 1599559200000
28 1599641100000
28 1599489000000
28 1600338600000
28 1599390900000
28 1599526800000
28 1599638400000
28 1599639300000
26 1593918900000
28 1599354000000
28 1600339500000
28 1599559200000
28 1599390000000
28 1599481800000
28 1599354000000
26 1593749700000
28 1599390900000
28 1599526800000
28 1599390900000
28 1599313500000
28 1599314400000
24 1597239000000
28 1599389100000
28 1599316200000
28 1599482700000
26 1594010700000
28 1599526800000
28 1599488100000
26 1594010700000
28 1599482700000
27 1599639300000
28 1599559200000
28 1599559200000
27 1599313500000
26 1594010700000
26 1594010700000
28 1599313500000
28 1599481800000
28 1599390900000
28 1599489000000
28 1599559200000
28 1595758500000
27 1599441300000
27 1599488100000
27 1600338600000
27 1599390900000
27 1599639300000
27 1599313500000
27 1600339500000
27 1599316200000
27 1599489000000
27 1599390000000
25 1593918900000
27 1600341300000
27 1599638400000
27 1599313500000
27 1599354000000
27 1599638400000
27 1600338600000
25 1593918900000
27 1599313500000
28 1599313500000
28 1599316200000
28 1599489000000
26 1595759400000
30 9223372036854775807
28 1599639300000
28 1599488100000
28 1599526800000
28 1599354000000
28 1599559200000
28 1600338600000
24 1597063500000
28 1599559200000
28 1599481800000
28 1599354000000
28 1599638400000
28 1599481800000
26 1595759400000
28 1599390000000
28 1600338600000
28 1599316200000
22 1597388400000
28 1599390900000
28 1599389100000
28 1599526800000
26 1595759400000
26 1595759400000
26 1599481800000
22 1597309200000
26 1599314400000
26 1599390000000
26 1599526800000
26 1600341300000
22 1597140900000
26 1599559200000
26 1599314400000
22 1597231800000
26 1599316200000
26 1599390000000
20 1591668900000
26 1599488100000
26 1599482700000
24 1591668900000
26 1599481800000
26 1599313500000
25 1599638400000
23 1591428600000
25 1599639300000
25 1599559200000
25 1599488100000
26 1600341300000
26 1600338600000
23 1591499700000
25 1599639300000
25 1599313500000
23 1597063500000
25 1599441300000
26 1599526800000
20 1597140000000
20 1598091300000
18 1597638600000
20 1597389300000
24 1597140000000
26 1600338600000
22 1591428600000
24 1597231800000
20 1597140900000
20 1597191300000
24 1597232700000
26 1600339500000
20 1598091300000
26 1600338600000
24 1597066200000
24 1597064400000
24 1597232700000
21 1597063500000
22 1591499700000
24 1597104000000
24 1597239000000
24 1597064400000
20 1597239000000
22 1598088600000
24 1597064400000
18 1597638600000
24 1597191300000
25 1599526800000
23 1591668900000
24 1597276800000
24 1597232700000
22 1591573500000
24 1597309200000
26 1600339500000
24 1598091300000
20 1598089500000
26 1600339500000
22 1591668900000
24 1597066200000
26 1600338600000
25 1599482700000
23 1591668900000
25 1599488100000
25 1599481800000
23 1591760700000
25 1599316200000
23 1591760700000
25 1599316200000
25 1599488100000
25 1599441300000
25 1599354000000
25 1599526800000
21 1597140900000
21 1597104000000
21 1597066200000
25 1599488100000
25 1599316200000
25 1599389100000
21 1597391100000
24 1597388400000
24 1597140900000
22 1591668900000
20 1597389300000
24 1597140900000
22 1591760700000
21 1591326000000
21 1591619400000
24 1597309200000
22 1591760700000
23 1597104000000
22 1597276800000
25 1599638400000
24 1597231800000
24 1597309200000
23 1597066200000
24 1597276800000
24 1598089500000
21 1591326000000
24 1597064400000
23 1597239000000
20 1597191300000
20 1597063500000
24 1597104000000
22 1598089500000
22 1591836300000
20 1598088600000
26 1594086300000
27 1599314400000
28 1599389100000
27 1600341300000
27 1599489000000
23 1598089500000
26 1593749700000
28 1599488100000
28 1599441300000
28 1599488100000
28 1599441300000
28 1599390900000
24 1597231800000
26 1593823500000
28 1599488100000
28 1600341300000
28 1599314400000
28 1599638400000
28 1599314400000
24 1597139100000
28 1599641100000
26 1593823500000
26 1599526800000
28 1599526800000
24 1597139100000
28 1599316200000
26 1593918900000
26 1593918900000
28 1599354000000
28 1599641100000
28 1599316200000
28 1600341300000
28 1599481800000
26 1593918900000
28 1599482700000
28 1599314400000
28 1599489000000
28 1599390000000
28 1599641100000
22 1597238100000
26 1593918900000
26 1593918900000
26 1594010700000
28 1599389100000
28 1599314400000
24 1597064400000
28 1599482700000
28 1599390000000
28 1599354000000
28 1599489000000
24 1597232700000
28 1599488100000
28 1599481800000
28 1599482700000
28 1599639300000
28 1599313500000
28 1599488100000
28 1599526800000
24 1597276800000
23 1597231800000
28 1599641100000
28 1599390000000
28 1599316200000
27 1599638400000
26 1594010700000
24 1597066200000
18 1597641300000
28 1599354000000
28 1599489000000
28 1599481800000
26 1599314400000
28 1599390000000
26 1599441300000
26 1599354000000
26 1599641100000
24 1591428600000
24 1591428600000
27 1599639300000
25 1593823500000
27 1599559200000
23 1597232700000
25 1593823500000
23 1597104000000
26 1599314400000
25 1593823500000
27 1599526800000
27 1599526800000
27 1599489000000
27 1599488100000
23 1597139100000
15 1596941100000
27 1599559200000
27 1599641100000
27 1599389100000
23 1597309200000
27 1599314400000
23 1597231800000
23 1597239000000
27 1599526800000
26 1599390000000
27 1599390000000
27 1599390000000
27 1599314400000
25 1593918900000
27 1599641100000
27 1599639300000
27 1599314400000
27 1599390000000
25 1593918900000
22 1591326000000
25 1594086300000
27 1599389100000
25 1599489000000
20 1597238100000
25 1593918900000
27 1599482700000
27 1599313500000
24 1591506900000
23 1597191300000
25 1593918900000
25 1593918900000
27 1599641100000
25 1594086300000
27 1599441300000
27 1599313500000
26 1599639300000
26 1599316200000
22 1597066200000
26 1599489000000
24 1591506900000
22 1597063500000
26 1599313500000
22 1597064400000
22 1591668900000
26 1599390000000
22 1597139100000
26 1599482700000
24 1591506900000
26 1599441300000
26 1599559200000
24 1598091300000
22 1597104000000
22 1597389300000
24 1591506900000
22 1597231800000
24 1591506900000
18 1596941100000
24 1591506900000
26 1599390000000
24 1591573500000
24 1591506900000
26 1599354000000
18 1596689100000
22 1597066200000
22 1597276800000
26 1599354000000
26 1599441300000
25 1599482700000
26 1599639300000
26 1599354000000
14 1596691800000
22 1597191300000
26 1599489000000
26 1599526800000
26 1599316200000
26 1599641100000
22 1597064400000
26 1599488100000
25 1599488100000
25 1599441300000
22 1591428600000
25 1599639300000
21 1597238100000
23 1591668900000
21 1597388400000
25 1599641100000
21 1597063500000
25 1599638400000
25 1599482700000
16 1596859200000
18 1597639500000
22 1591428600000
20 1597066200000
22 1591428600000
20 1597064400000
26 1600338600000
24 1597388400000
20 1591836300000
19 1596941100000
24 1597276800000
24 1597064400000
24 1597239000000
24 1597139100000
26 1600341300000
25 1599638400000
24 1597239000000
16 1596690900000
26 1600338600000
22 1591499700000
24 1598088600000
22 1591499700000
22 1591499700000
26 1600341300000
26 1600341300000
24 1597066200000
23 1597232700000
21 1597063500000
24 1598089500000
23 1591668900000
22 1591573500000
22 1591760700000
20 1597231800000
24 1597238100000
22 1591573500000
24 1597232700000
26 1600338600000
23 1598089500000
24 1598089500000
22 1598091300000
24 1597140000000
24 1597066200000
9 1596523500000
21 1597140000000
25 1599489000000
21 1597191300000
23 1591760700000
13 1596849300000
23 1598091300000
24 1597309200000
25 1599481800000
23 1597104000000
21 1598089500000
20 1597063500000
21 1597104000000
25 1600341300000
17 1596826800000
23 1591760700000
21 1597276800000
21 1597239000000
25 1599354000000
17 1591573500000
20 1597238100000
24 1597063500000
24 1597388400000
23 1597064400000
23 1597309200000
23 1597232700000
18 1591760700000
14 1596849300000
16 1597638600000
19 1596741300000
21 1591499700000
17 1591428600000
24 1597238100000
21 1598091300000
21 1591326000000
23 1597309200000
21 1591326000000
18 1597639500000
23 1597276800000
23 1597389300000
20 1597231800000
26 1600338600000
24 1597388400000
24 1597066200000
22 1597191300000
22 1597064400000
20 1597238100000
20 1597239000000
22 1597389300000
16 1597639500000
22 1597238100000
20 1591499700000
18 1596939300000
10 1596523500000
18 1596859200000
18 1596826800000
20 1591499700000
22 1597232700000
22 1597239000000
18 1597639500000
16 1597641300000
20 1591499700000
14 1596524400000
22 1597388400000
22 1597064400000
20 1597104000000
22 1597309200000
10 1596851100000
16 1596781800000
22 1598088600000
20 1591499700000
20 1591573500000
22 1597238100000
20 1591688700000
4 1597529700000
20 1591499700000
20 1597391100000
20 1591783200000
24 1598088600000
12 1596851100000
20 1591499700000
16 1597639500000
18 1596859200000
22 1597139100000
20 1591499700000
20 1591499700000
20 1591499700000
14 1596599100000
22 1597232700000
18 1596788100000
14 1597549500000
20 1597064400000
18 1596826800000
20 1597231800000
22 1597309200000
18 1596616200000
24 1598089500000
18 1596689100000
18 1597641300000
12 1596698100000
22 1597238100000
14 1596599100000
24 1598091300000
20 1591619400000
12 1596851100000
18 1596941100000
22 1597063500000
4 1597529700000
22 1597063500000
22 1597231800000
24 1598088600000
20 1591619400000
18 1596690000000
4 1596826800000
24 1598089500000
20 1597389300000
20 1598091300000
20 1598089500000
22 1597309200000
18 1597641300000
16 1596939300000
20 1591619400000
20 1591760700000
22 1597239000000
12 1597548600000
18 1596941100000
18 1591333200000
20 1597140900000
18 1591333200000
6 1596718800000
18 1591333200000
16 1591341300000
2 1597529700000
18 1591386300000
14 1596698100000
8 1596673800000
10 1597548600000
18 1596826800000
12 1596651300000
16 1596938400000
20 1597139100000
20 1597064400000
16 1591341300000
20 1597063500000
6 1596830400000
18 1596859200000
12 1591310700000
8 1597531500000
14 1596691800000
12 1596849300000
18 1596826800000
14 1596526200000
20 1597389300000
2 1596577500000
14 1596769200000
16 1591341300000
16 1591341300000
14 1596849300000
12 1597551300000
18 1596690000000
8 1596831300000
16 1591310700000
6 1597531500000
16 1591341300000
14 1597551300000
16 1596689100000
25 1593678600000
27 1600341300000
26 1593823500000
27 1600339500000
27 1600338600000
28 1599638400000
28 1599482700000
28 1599354000000
26 1600341300000
26 1593749700000
26 1593823500000
28 1599482700000
28 1599641100000
28 1599313500000
28 1599488100000
25 1599316200000
28 1599313500000
28 1599488100000
28 1599390000000
28 1599481800000
28 1599481800000
28 1599482700000
28 1599389100000
24 1597140900000
26 1593749700000
28 1599481800000
28 1599354000000
26 1599638400000
28 1599441300000
28 1599481800000
28 1599390000000
20 1597232700000
26 1594086300000
27 1599354000000
24 1597140000000
28 1599638400000
28 1599389100000
28 1599641100000
28 1599354000000
28 1599638400000
26 1599559200000
28 1599389100000
28 1599389100000
25 1599314400000
28 1599389100000
28 1599390000000
28 1599316200000
24 1597064400000
26 1594086300000
28 1599639300000
28 1599390000000
26 1594086300000
28 1599482700000
24 1591428600000
26 1594086300000
26 1599639300000
26 1599559200000
28 1599441300000
28 1599559200000
28 1599354000000
28 1599390900000
25 1593918900000
28 1599488100000
26 1599489000000
27 1599488100000
26 1599441300000
26 1599641100000
22 1597064400000
24 1591428600000
26 1599641100000
26 1600341300000
26 1599481800000
26 1599526800000
26 1599638400000
24 1591428600000
25 1599390000000
26 1599488100000
22 1597104000000
26 1599488100000
24 1591428600000
23 1597191300000
26 1599313500000
27 1599316200000
25 1593918900000
26 1599313500000
26 1599390900000
21 1597238100000
26 1599488100000
27 1599482700000
26 1599314400000
24 1591428600000
19 1596741300000
24 1591428600000
22 1597064400000
26 1599390000000
26 1599390000000
26 1599314400000
24 1598091300000
26 1599316200000
26 1599526800000
20 1591428600000
26 1599638400000
26 1600338600000
18 1597641300000
26 1599389100000
27 1599639300000
26 1599489000000
26 1599314400000
21 1598089500000
28 1599481800000
21 1598088600000
26 1600338600000
26 1599489000000
26 1599354000000
26 1599441300000
19 1596938400000
26 1599390000000
26 1599559200000
24 1591428600000
22 1597238100000
24 1591428600000
25 1593749700000
23 1597391100000
27 1600341300000
27 1599638400000
27 1599390000000
27 1599488100000
27 1599639300000
25 1593749700000
25 1593678600000
27 1599441300000
27 1599313500000
27 1599481800000
27 1599390000000
27 1599559200000
25 1593678600000
27 1599489000000
27 1600341300000
27 1599559200000
26 1599316200000
27 1599316200000
25 1599313500000
25 1599316200000
27 1599316200000
23 1597140000000
27 1599641100000
23 1597232700000
27 1599489000000
27 1599639300000
20 1597389300000
25 1599390900000
27 1599354000000
27 1599641100000
27 1599526800000
23 1597064400000
23 1597388400000
25 1593756900000
27 1599526800000
27 1599488100000
27 1599316200000
27 1599390000000
27 1599390000000
25 1593756900000
27 1599389100000
25 1599481800000
27 1599441300000
27 1599390000000
27 1599482700000
27 1599639300000
27 1599488100000
27 1599639300000
23 1597231800000
27 1599641100000
25 1593823500000
27 1599316200000
25 1599526800000
25 1593823500000
25 1599313500000
27 1599390900000
27 1599441300000
27 1599389100000
27 1599481800000
25 1593823500000
27 1599559200000
19 1596826800000
27 1599390000000
27 1599390900000
25 1593823500000
27 1599639300000
27 1599316200000
27 1599316200000
27 1599441300000
27 1599316200000
26 1599313500000
27 1599389100000
27 1599390000000
24 1597104000000
27 1599389100000
23 1597391100000
27 1599313500000
25 1599314400000
25 1594086300000
22 1597239000000
27 1599482700000
27 1599314400000
25 1594086300000
27 1599559200000
27 1599390000000
19 1596689100000
27 1599390000000
27 1599390900000
27 1599389100000
23 1597140900000
25 1594086300000
21 1598089500000
27 1599313500000
21 1597066200000
27 1599482700000
25 1599441300000
27 1599314400000
27 1599390000000
27 1599639300000
26 1600339500000
15 1596859200000
27 1599481800000
26 1599482700000
27 1599559200000
25 1599314400000
19 1596788100000
28 1599481800000
23 1591428600000
25 1600341300000
25 1599559200000
21 1597139100000
21 1597309200000
24 1591668900000
23 1591428600000
15 1596939300000
25 1599390000000
25 1599639300000
23 1591428600000
24 1591760700000
23 1591428600000
25 1599389100000
21 1598091300000
23 1591428600000
21 1597139100000
21 1597276800000
19 1597639500000
23 1591428600000
16 1597639500000
25 1599354000000
21 1598089500000
25 1599489000000
23 1591428600000
25 1599638400000
25 1599638400000
24 1597309200000
23 1591428600000
23 1598088600000
19 1596939300000
19 1597639500000
25 1599313500000
25 1599526800000
21 1597232700000
18 1596741300000
19 1596826800000
14 1596848400000
23 1591428600000
24 1598089500000
23 1591428600000
18 1596941100000
19 1597638600000
23 1591428600000
25 1599441300000
26 1599390000000
25 1599638400000
26 1599526800000
23 1598088600000
20 1591619400000
11 1597549500000
17 1596789000000
25 1599390000000
23 1591428600000
23 1591428600000
25 1599441300000
25 1599441300000
26 1599389100000
25 1599639300000
21 1597391100000
26 1599314400000
22 1597140000000
24 1598088600000
25 1600339500000
25 1599316200000
23 1591428600000
26 1599489000000
26 1599314400000
26 1599313500000
20 1598089500000
26 1599441300000
22 1598088600000
24 1591506900000
24 1598091300000
24 1597389300000
6 1597531500000
26 1599314400000
26 1599354000000
26 1599641100000
26 1599489000000
24 1591668900000
26 1599489000000
20 1598088600000
26 1599559200000
20 1591668900000
22 1597389300000
24 1591668900000
26 1599481800000
22 1591428600000
26 1599482700000
24 1591760700000
26 1599441300000
23 1591760700000
26 1599481800000
26 1599559200000
14 1597549500000
26 1599354000000
24 1591836300000
26 1599316200000
26 1599526800000
24 1591760700000
26 1599489000000
18 1597641300000
24 1591836300000
26 1599316200000
24 1591836300000
24 1598091300000
26 1599559200000
20 1597139100000
26 1599641100000
26 1599313500000
26 1599441300000
26 1599526800000
22 1597309200000
22 1597066200000
24 1598088600000
25 1599389100000
26 1599488100000
26 1599313500000
22 1598091300000
26 1599526800000
26 1599441300000
18 1596938400000
24 1591836300000
26 1600339500000
24 1597064400000
26 1599638400000
20 1591428600000
26 1599526800000
22 1597063500000
20 1597309200000
22 1591326000000
26 1600338600000
26 1600341300000
16 1597639500000
25 1599526800000
22 1597104000000
24 1597238100000
24 1598091300000
21 1597389300000
22 1591326000000
22 1598091300000
21 1597276800000
20 1597140900000
24 1597139100000
26 1600341300000
24 1597063500000
22 1591326000000
24 1597191300000
26 1600339500000
24 1597239000000
22 1597238100000
24 1597231800000
18 1597641300000
24 1597066200000
18 1596941100000
16 1596782700000
23 1591668900000
26 1600338600000
24 1597104000000
22 1591428600000
21 1597276800000
24 1597064400000
24 1597139100000
22 1591428600000
23 1591428600000
2 1596829500000
21 1597139100000
23 1591428600000
13 1597549500000
23 1591428600000
16 1596782700000
25 1599441300000
19 1597639500000
21 1591573500000
26 1600338600000
17 1596789000000
23 1591428600000
25 1599639300000
23 1591428600000
25 1599559200000
25 1599389100000
25 1599639300000
25 1599559200000
23 1591428600000
25 1599489000000
23 1591428600000
23 1591428600000
19 1596941100000
24 1597140000000
25 1599389100000
15 1591428600000
25 1599316200000
25 1599488100000
25 1599313500000
23 1598091300000
25 1599390000000
25 1599639300000
25 1599488100000
24 1597232700000
18 1596781800000
24 1597063500000
20 1597064400000
18 1591428600000
24 1597104000000
22 1598091300000
23 1597231800000
24 1598089500000
24 1597140000000
18 1597641300000
22 1591499700000
24 1597140000000
24 1598089500000
24 1597063500000
24 1597231800000
8 1596506400000
26 1600338600000
16 1597638600000
24 1597276800000
24 1597232700000
23 1591760700000
21 1597388400000
25 1599526800000
24 1597232700000
25 1599489000000
25 1599489000000
25 1599639300000
25 1599313500000
26 1600341300000
23 1591573500000
25 1599314400000
23 1591573500000
25 1599313500000
25 1599313500000
25 1599639300000
15 1597639500000
25 1599526800000
21 1597139100000
25 1599638400000
25 1599481800000
25 1599482700000
25 1599390900000
23 1597309200000
23 1591573500000
21 1597066200000
23 1598089500000
25 1599441300000
23 1591573500000
25 1599390900000
25 1599638400000
21 1597139100000
25 1599481800000
23 1591573500000
25 1599489000000
25 1599354000000
23 1591668900000
25 1599489000000
25 1599313500000
15 1597641300000
25 1599481800000
23 1598088600000
21 1597140900000
25 1599316200000
23 1597276800000
25 1599641100000
25 1599314400000
23 1591668900000
23 1597239000000
21 1597239000000
23 1591668900000
25 1599313500000
22 1591668900000
21 1598091300000
21 1597238100000
21 1598091300000
23 1591668900000
17 1597639500000
25 1599389100000
21 1597104000000
25 1599488100000
22 1591668900000
21 1597276800000
23 1598091300000
23 1591668900000
21 1597232700000
25 1599389100000
23 1591668900000
20 1597066200000
21 1591783200000
25 1600339500000
23 1591668900000
21 1597309200000
20 1597063500000
22 1591573500000
22 1598089500000
22 1598091300000
24 1597238100000
24 1597388400000
20 1597276800000
24 1598091300000
10 1597549500000
20 1591326000000
24 1597239000000
24 1597276800000
20 1597140900000
24 1598088600000
24 1597191300000
16 1596741300000
16 1596690900000
22 1591573500000
24 1597309200000
20 1597063500000
24 1597232700000
22 1598088600000
26 1600339500000
20 1598088600000
20 1597064400000
18 1596782700000
20 1597309200000
22 1591760700000
20 1597104000000
20 1597231800000
16 1596826800000
20 1597276800000
22 1591668900000
17 1597638600000
17 1597641300000
20 1597276800000
21 1597388400000
19 1597638600000
23 1591760700000
24 1597191300000
21 1597239000000
21 1597231800000
24 1597232700000
20 1598089500000
25 1599488100000
24 1598088600000
23 1591836300000
22 1591668900000
26 1600341300000
20 1597232700000
25 1599313500000
20 1597391100000
20 1597139100000
14 1596698100000
26 1600341300000
21 1597389300000
24 1597388400000
23 1591836300000
22 1597388400000
20 1597232700000
25 1599389100000
20 1597239000000
23 1598089500000
17 1597641300000
23 1591836300000
25 1599314400000
20 1597064400000
25 1599390000000
25 1599441300000
21 1597239000000
25 1599316200000
26 1600338600000
21 1597191300000
21 1597064400000
25 1599354000000
25 1599481800000
20 1597064400000
25 1599390900000
25 1599313500000
22 1591760700000
25 1599638400000
22 1591760700000
25 1599389100000
20 1597391100000
22 1591760700000
24 1597140000000
24 1597104000000
18 1597639500000
24 1597391100000
20 1597239000000
24 1597239000000
24 1597104000000
17 1597638600000
18 1596826800000
22 1598091300000
24 1597389300000
20 1597140000000
24 1597309200000
24 1597309200000
26 1600339500000
22 1591760700000
20 1597139100000
20 1597191300000
24 1597191300000
18 1596689100000
20 1597232700000
22 1598088600000
22 1591760700000
15 1596826800000
15 1597639500000
19 1596782700000
19 1597638600000
13 1596699000000
19 1596741300000
21 1591326000000
19 1596859200000
21 1597388400000
21 1598091300000
21 1591326000000
21 1597231800000
23 1597231800000
19 1596689100000
21 1591326000000
23 1598091300000
25 1600339500000
21 1591326000000
23 1597309200000
23 1597239000000
23 1597388400000
24 1597140000000
24 1597391100000
24 1597239000000
24 1597140000000
26 1600339500000
24 1597191300000
10 1591386300000
20 1597104000000
20 1597239000000
22 1591836300000
20 1597232700000
20 1591499700000
8 1597533300000
26 1600338600000
20 1591326000000
24 1597276800000
24 1597231800000
18 1597639500000
24 1597140900000
24 1597139100000
24 1597389300000
24 1597231800000
24 1597066200000
24 1597238100000
26 1600339500000
26 1600339500000
20 1591326000000
20 1591326000000
18 1596941100000
14 1597548600000
20 1598091300000
18 1596939300000
20 1591326000000
20 1591326000000
20 1597309200000
22 1597238100000
20 1591326000000
22 1597239000000
24 1598088600000
24 1598088600000
20 1591326000000
22 1598091300000
14 1596849300000
20 1598089500000
14 1597548600000
24 1598089500000
16 1597638600000
22 1598091300000
18 1596654000000
18 1596938400000
22 1597064400000
14 1596769200000
20 1591326000000
14 1596691800000
4 1596715200000
10 1597551300000
20 1591326000000
6 1596674700000
22 1597389300000
22 1597104000000
16 1596781800000
22 1597139100000
18 1597638600000
8 1596833100000
18 1596741300000
12 1597549500000
12 1596849300000
20 1591428600000
18 1596690000000
12 1596691800000
14 1596848400000
24 1598091300000
20 1591326000000
18 1597638600000
22 1597140000000
18 1596859200000
18 1596782700000
12 1597549500000
16 1596938400000
2 1597529700000
18 1596781800000
14 1596736800000
12 1596692700000
20 1591428600000
12 1596851100000
22 1598089500000
14 1596848400000
22 1597139100000
8 1596673800000
14 1597551300000
20 1591688700000
20 1597391100000
16 1596939300000
20 1591326000000
22 1597232700000
18 1597638600000
2 1596504600000
20 1591326000000
22 1597388400000
22 1598088600000
12 1597551300000
16 1596938400000
16 1597639500000
22 1597104000000
20 1597389300000
20 1591499700000
20 1597388400000
24 1598088600000
20 1591428600000
14 1596849300000
20 1591499700000
22 1597104000000
8 1597533300000
22 1597104000000
18 1596788100000
18 1596826800000
12 1596851100000
16 1597638600000
18 1596941100000
24 1598091300000
20 1591428600000
14 1596526200000
22 1597064400000
20 1591428600000
18 1596690000000
14 1597548600000
22 1597063500000
14 1596600000000
12 1596651300000
20 1591499700000
16 1591499700000
12 1596848400000
20 1598088600000
18 1596690900000
18 1596789000000
22 1597140000000
20 1598091300000
22 1597276800000
22 1597309200000
22 1597139100000
18 1596859200000
22 1597104000000
10 1596698100000
8 1597530600000
12 1596691800000
20 1591499700000
22 1597388400000
22 1597191300000
22 1597191300000
16 1597638600000
22 1598088600000
22 1597104000000
20 1591499700000
20 1597389300000
24 1598089500000
16 1596781800000
18 1596741300000
6 1597531500000
18 1596826800000
10 1596849300000
20 1597391100000
16 1597641300000
24 1598088600000
18 1596788100000
20 1591573500000
20 1591499700000
14 1596849300000
14 1596524400000
20 1597276800000
20 1597391100000
20 1597232700000
20 1598089500000
20 1591573500000
24 1598088600000
22 1597104000000
22 1597231800000
20 1591573500000
10 1597549500000
6 1596718800000
18 1596859200000
20 1591573500000
22 1597066200000
10 1596524400000
22 1598088600000
22 1597239000000
22 1597239000000
18 1596781800000
20 1591619400000
12 1597549500000
20 1591619400000
22 1597066200000
18 1596826800000
22 1597239000000
22 1598091300000
18 1596939300000
18 1596941100000
22 1597389300000
20 1591619400000
24 1598091300000
16 1597639500000
24 1598088600000
22 1597191300000
14 1597548600000
20 1591688700000
22 1597232700000
22 1597191300000
18 1596690000000
16 1596941100000
22 1597191300000
22 1598089500000
16 1596939300000
26 1600339500000
20 1591688700000
6 1597530600000
14 1597549500000
6 1596833100000
12 1597551300000
16 1596859200000
22 1597140000000
20 1591688700000
22 1597066200000
18 1596938400000
6 1596751200000
18 1596859200000
22 1598088600000
2 1596502800000
24 1598091300000
22 1597140000000
14 1596769200000
20 1598091300000
22 1597239000000
16 1597641300000
18 1596941100000
16 1596938400000
18 1596782700000
22 1597063500000
18 1596788100000
10 1596564000000
20 1598091300000
18 1597641300000
8 1596830400000
12 1591688700000
2 1597529700000
18 1597639500000
14 1596736800000
24 1598091300000
12 1597551300000
10 1596848400000
20 1597238100000
14 1596849300000
8 1596505500000
18 1596654000000
20 1597238100000
22 1598089500000
22 1597104000000
12 1596769200000
22 1597063500000
22 1597064400000
22 1597389300000
24 1598089500000
8 1597530600000
16 1591310700000
22 1597309200000
14 1596769200000
20 1591760700000
20 1591760700000
20 1591783200000
20 1597309200000
20 1591760700000
22 1597276800000
22 1597232700000
22 1597064400000
20 1591836300000
14 1596691800000
20 1591760700000
22 1597239000000
20 1591783200000
22 1597231800000
22 1597066200000
16 1591760700000
22 1597191300000
18 1596939300000
18 1596654000000
22 1597139100000
22 1597064400000
16 1596939300000
14 1597548600000
18 1597638600000
20 1591760700000
22 1597276800000
22 1597104000000
20 1591760700000
14 1596599100000
24 1598089500000
18 1597639500000
18 1596788100000
18 1596782700000
14 1596848400000
18 1596613500000
16 1596789000000
22 1597309200000
20 1591783200000
18 1596789000000
24 1598089500000
16 1596939300000
22 1597389300000
12 1596736800000
16 1597639500000
18 1591310700000
12 1596599100000
18 1597638600000
12 1597551300000
18 1596689100000
18 1596654000000
12 1596599100000
20 1591783200000
18 1596938400000
20 1591783200000
22 1598091300000
16 1596938400000
16 1597641300000
18 1596941100000
20 1591783200000
22 1597391100000
22 1597232700000
8 1597531500000
18 1596941100000
20 1591783200000
18 1596941100000
2 1597527000000
20 1597388400000
20 1597388400000
24 1598091300000
22 1597104000000
4 1596670200000
20 1591836300000
18 1596938400000
22 1597232700000
10 1597548600000
22 1597191300000
24 1598089500000
4 1596829500000
18 1596690000000
10 1596849300000
22 1598089500000
24 1598088600000
20 1591836300000
12 1596699000000
16 1597638600000
12 1596698100000
12 1597549500000
18 1591310700000
18 1596859200000
8 1596718800000
18 1591310700000
20 1597232700000
2 1596671100000
16 1596613500000
8 1596506400000
10 1597548600000
18 1596939300000
16 1591341300000
16 1596859200000
20 1597238100000
12 1597548600000
16 1596616200000
4 1596826800000
8 1597533300000
10 1596692700000
14 1597548600000
12 1596698100000
12 1597548600000
6 1591333200000
2 1596827700000
8 1596674700000
10 1596736800000
8 1596680100000
18 1597639500000
6 1596833100000
2 1597529700000
12 1596851100000
10 1597548600000
16 1596788100000
10 1596848400000
14 1596849300000
12 1596564000000
14 1597551300000
18 1597639500000
10 1596691800000
12 1591386300000
14 1596849300000
20 1597276800000
8 1596718800000
16 1593059400000
14 1596524400000
12 1596769200000
8 1596830400000
18 1596826800000
14 1596848400000
10 1597551300000
12 1596691800000
16 1596826800000
2 1596829500000
14 1596851100000
18 1596781800000
2 1597527900000
12 1596849300000
18 1597638600000
4 1597527000000
12 1596848400000
18 1597638600000
16 1591386300000
16 1591386300000
14 1596851100000
2 1596829500000
18 1596782700000
14 1596848400000
18 1596613500000
10 1596599100000
2 1596826800000
6 1596582000000
16 1591409700000
14 1596564000000
2 1596677400000
14 1596692700000
6 1596718800000
18 1596941100000
12 1591319700000
14 1597548600000
14 1596769200000
10 1596849300000
18 1596690000000
6 1596830400000
12 1596849300000
16 1591409700000
12 1591319700000
6 1596830400000
2 1597527900000
14 1596698100000
16 1591409700000
10 1596851100000
6 1596830400000
12 1591319700000
10 1596691800000
2 1596501900000
12 1597548600000
10 1597548600000
12 1591319700000
6 1596831300000
12 1596848400000
2 1596747600000
2 1596827700000
8 1596831300000
12 1591333200000
12 1591333200000
12 1591333200000
6 1596582000000
6 1596833100000
14 1596692700000
10 1596691800000
10 1591316100000
2 1596677400000
10 1596851100000
12 1591333200000
14 1596851100000
16 1596938400000
10 1591325100000
10 1596692700000
14 1597551300000
10 1591316100000
4 1596829500000
2 1597527900000
10 1596691800000
4 1597527900000
12 1597551300000
2 1597529700000
8 1596833100000
6 1596681000000
10 1591325100000
6 1597531500000
10 1591333200000
2 1597527900000
4 1591311600000
2 1596826800000
2 1596677400000
2 1596747600000
2 1596747600000
2 1596829500000
8 1596831300000
2 1596826800000
2 1597529700000
2 1596578400000
2 1596827700000
2 1597527900000
4 1596826800000
2 1597529700000
2 1596504600000
10 1596699000000
2 1596747600000
2 1597527000000
2 1597527000000
2 1597527000000
2 1596502800000
4 1597527900000
2 1591311600000
2 1597527000000
