1. 23 18
2. 34 37
3. 18 31
4. 30 39
5. 24 43
6. 21 41
7. 18 33
8. 12 32
9. 14 37
10. 14 37
11. 10 38
12. 13 39
13. 16 37
14. 5 30
15. 5 33
16. 4 33
17. 8 37
18. 8 30
19. 7 33
20. 5 33
21. 8 33
22. 7 33
23. 6 31
24. 6 31
25. 8 34
26. 4 33
27. 8 32
28. 5 34
29. 6 33
30. 6 32
31. 6 36
32. 6 34
33. 6 32
34. 5 34
35. 5 32
36. 6 33
37. 5 34
38. 6 33
39. 7 34
40. 5 33
41. 2 32
42. 3 33
43. 3 35
44. 3 35
45. 3 35
46. 2 37
47. 2 36
48. 3 37
49. 3 34
50. 2 35
51. 1 35
52. 1 35
53. 1 35
54. 0 35
55. 1 35
56. 0 35
57. 2 35
58. 0 34
59. 1 36
60. 1 32